RACING_PARAMS:
  KM: 1.908873e-08
  KF: 1.562522e-06
  M: 0.8
  ARM: 0.15
  T2W: 4.0
  ROT_TIME_STEP: 0.033
  ROT_MAX_ACC: 200000
  DRAG_MAT_LIN: [[0.0003,0,0], [0,0.0003,0], [0,0,0.0006]]
  DRAG_MAT_QUAD: [[0,0,0], [0,0,0], [0,0,0]]
  ROTOR_DIRS: [1, -1, 1, -1]
  J: [[0.001, 0, 0], [0, 0.001, 0], [0, 0, 0.0017]]
  ARM_X: 0.106
  ARM_Y: 0.106
  ARM_Z: 0.0